parallactic angle:

-62.19047473 -62.4465729  -62.69723612 -62.94349881 -63.18476331
 -63.42046829 -63.65058141 -64.21773424 -64.42953936 -64.63628751
 -64.83783043 -65.03442134 -65.22424458 -65.40800553 -65.84932179
 -66.01011255 -66.16495502 -66.31255311 -66.4526457  -66.58495047
 -66.70864683 -66.9877085  -67.07998922 -67.16259443 -67.23482037
 -67.29612668 -67.34592055 -67.3838217  -67.41918159 -67.40641188
 -67.3769754  -67.33034076 -67.2647219  -67.17806625 -67.06974395
 -66.66907397 -66.46316677 -66.22518037 -65.95043856 -65.63636367
 -65.27739679 -64.86926893 -63.49714225 -62.85358752 -62.13231045
 -61.31024648 -60.37776226 -59.31396187 -58.10795913 -53.92242585
 -51.95085556 -49.69296559 -47.08057944 -44.07089224 -40.52189511
 -36.27464942 -21.52000161 -14.62510209  -7.14925559   0.61103923
   8.34636221  15.7528599   22.57207581  36.92367845  41.06920059
  44.53925128  47.47146417  50.02365771  52.24765894  54.1746587
  58.29032321  59.47472168  60.5157265   61.43580351  62.24353165
  62.96050121  63.58946606  64.93246282  65.33315783  65.68542696
  65.99584356  66.26633387  66.50063062  66.70124162  67.08959495
  67.19429694  67.27720615  67.33988374  67.38365798  67.40971056
  67.41983032  67.37817879  67.33817841  67.28610309  67.22267358
  67.14803985  67.06337227  66.96929038  66.68595855  66.56044624
  66.42751968  66.28664751  66.1377319   65.98195622  65.81995702
  65.3760949   65.19004479  64.99954642  64.80232666  64.59932529
  64.39066531  64.17692262  63.60770019  63.37612144  63.13842434
  62.89513425  62.64735069

I:

3.01070609e-02   2.93705828e-02   3.01470274e-02   2.99192939e-02
    2.97996421e-02   3.00094737e-02   3.02085576e-02   2.95728951e-02
    2.99582227e-02   2.94052019e-02   3.00235138e-02   2.93925620e-02
    2.95239865e-02   2.91391909e-02   2.95963797e-02   2.95454293e-02
    2.91082276e-02   2.93127558e-02   2.93368764e-02   2.93793349e-02
    2.88490867e-02   2.89981518e-02   2.90839879e-02   2.88165566e-02
    2.84201743e-02   2.90941547e-02   2.85729161e-02   2.91638055e-02
    2.87122029e-02   2.89605639e-02   2.87305805e-02   2.86846335e-02
    2.91242173e-02   2.88211453e-02   2.80206310e-02   2.76285532e-02
    2.83877268e-02   2.81502809e-02   2.85580840e-02   2.84768081e-02
    2.84574174e-02   2.73855433e-02   2.85641052e-02   2.86019756e-02
    2.82201067e-02   2.86360507e-02   2.84457867e-02   2.87841731e-02
    2.87278369e-02   2.85922812e-02   2.79135886e-02   2.81872352e-02
    2.79369886e-02   2.81149623e-02   2.80950344e-02   2.80185015e-02
    2.80854244e-02   2.81963993e-02   2.82355296e-02   2.81393264e-02
    2.79003042e-02   2.80049499e-02   2.81364624e-02   2.81789872e-02
    2.79403981e-02   2.79327669e-02   2.77606155e-02   2.83306182e-02
    2.75536995e-02   2.82238893e-02   2.83838978e-02   2.88929656e-02
    2.82753177e-02   2.84688998e-02   2.80669560e-02   2.79328935e-02
    2.80967471e-02   2.76648158e-02   2.83741544e-02   2.77587417e-02
    2.84536441e-02   2.80563545e-02   2.87198983e-02   2.83908753e-02
    2.89548015e-02   2.88357709e-02   2.88021882e-02   2.91088205e-02
    2.88013733e-02   2.91662811e-02   2.92030600e-02   2.88910368e-02
    2.85199194e-02   2.85372218e-02   2.87557918e-02   2.87049449e-02
    2.89057051e-02   2.91283179e-02   2.91124187e-02   2.90390364e-02
    2.91064509e-02   2.91778262e-02   2.96819029e-02   2.91654473e-02
    2.98341457e-02   2.93651932e-02   2.96333586e-02   2.94632732e-02
    2.99570785e-02   2.90506375e-02   2.94945522e-02   2.93552871e-02
    2.95206339e-02   2.96807812e-02   2.97757090e-02   2.96322370e-02
    3.02541737e-02

Q:

  -9.68980088e-04  -9.42014184e-04  -9.21139411e-04  -1.00715833e-03
   -9.27950584e-04  -1.02808113e-03  -9.51593704e-04  -9.30546311e-04
   -9.06730541e-04  -1.00052193e-03  -9.45013105e-04  -9.25292279e-04
   -9.40446738e-04  -9.22745707e-04  -9.51756403e-04  -9.18300606e-04
   -1.02305384e-03  -9.65632148e-04  -1.01724981e-03  -9.25292269e-04
   -8.74667018e-04  -9.73470531e-04  -1.01668653e-03  -9.64646560e-04
   -9.18640975e-04  -9.24866930e-04  -9.47834561e-04  -8.73057161e-04
   -9.27784624e-04  -9.67427631e-04  -9.09402553e-04  -9.65281568e-04
   -9.34983453e-04  -9.15561688e-04  -9.05765103e-04  -8.86768640e-04
   -9.25618764e-04  -8.53032053e-04  -8.93480348e-04  -9.24799528e-04
   -9.39192841e-04  -8.08333828e-04  -8.41019343e-04  -8.98493174e-04
   -8.77260645e-04  -8.74799080e-04  -8.66691862e-04  -8.67664028e-04
   -8.05604869e-04  -8.06269385e-04  -7.70776138e-04  -7.54033067e-04
   -7.00166088e-04  -6.60221358e-04  -6.03597560e-04  -4.85607216e-04
   -3.18476078e-05   1.26849353e-04   4.19369135e-04   5.77328932e-04
    7.57300989e-04   8.49120964e-04   9.86780519e-04   9.51648852e-04
    9.57247884e-04   7.72454509e-04   7.91738787e-04   6.96883584e-04
    6.77336091e-04   5.98396245e-04   4.69031932e-04   4.17157666e-04
    4.15095977e-04   3.99503848e-04   3.61454482e-04   3.51937985e-04
    2.59968671e-04   2.45106227e-04   2.23467466e-04   2.47030013e-04
    1.71081948e-04   1.89389715e-04   1.69273163e-04   1.60949778e-04
    1.45903975e-04   1.04411278e-04   1.32237909e-04   1.41994287e-04
    1.38715507e-04   4.59903589e-05   9.52575525e-05   2.00411039e-04
    1.78850907e-04   1.46820945e-04   1.50215642e-04   1.50905035e-04
    1.20837367e-04   1.91717064e-04   1.78621922e-04   1.69502976e-04
    1.76470777e-04   1.79323391e-04   1.66194461e-04   2.25756745e-04
    2.00770991e-04   2.00040879e-04   2.28952945e-04   2.39167112e-04
    2.61457877e-04   2.26954653e-04   1.80382264e-04   2.77659231e-04
    2.37524243e-04   2.71682724e-04   3.78046806e-04   3.17065325e-04
    2.89863935e-04

U:

  -1.67344807e-05  -5.51164925e-05  -5.95028958e-05  -4.27580784e-05
   -1.31271570e-05   4.81366627e-05   3.52136928e-06  -5.22925167e-05
    1.71840330e-05   9.84872800e-06   6.34679876e-05   1.56300589e-05
    1.21756562e-05   4.30302058e-05   1.00355034e-04   5.91118120e-05
    1.55934009e-04   7.19769876e-05   1.71540683e-04   8.30949042e-05
    4.70675732e-05   1.05100733e-04   1.36413638e-04   8.54989022e-05
    9.14438591e-05   1.48280405e-04   6.75539528e-05   8.53197558e-05
    1.24017083e-04   1.06795847e-04   7.24131244e-05   5.84064977e-05
    1.16224878e-04   1.05532267e-04   5.34648180e-05   1.02927090e-04
    8.67173623e-05   4.54099416e-05   1.07846405e-04   7.17726839e-05
    6.52007706e-05   2.72824918e-05   2.67420980e-06   2.88528486e-06
   -3.38387210e-05  -3.93422406e-05  -8.76149771e-05  -4.75934537e-05
   -1.39800480e-04  -2.57805123e-04  -3.35404189e-04  -3.20249487e-04
   -4.13853949e-04  -4.71931560e-04  -5.94459081e-04  -6.53448347e-04
   -8.32384168e-04  -8.42154219e-04  -8.02953090e-04  -6.69312983e-04
   -4.15802047e-04  -2.87016344e-04  -8.90640514e-05   3.20505454e-04
    4.20744659e-04   5.39632572e-04   5.41765247e-04   6.05732237e-04
    6.47197648e-04   6.90892902e-04   8.06719711e-04   7.99145333e-04
    7.98941686e-04   8.56936577e-04   8.15629879e-04   8.19490720e-04
    8.08087502e-04   8.00346400e-04   8.55523909e-04   8.08768493e-04
    8.67498883e-04   8.26625719e-04   8.47361031e-04   8.38002106e-04
    8.68393523e-04   9.44925245e-04   8.86528313e-04   9.24198102e-04
    8.87017071e-04   8.97327919e-04   9.23210495e-04   8.78401555e-04
    8.36011150e-04   9.30683645e-04   9.06374310e-04   8.69812811e-04
    8.98071762e-04   8.25775924e-04   8.76648286e-04   8.82670084e-04
    8.96653390e-04   8.89782101e-04   8.96469776e-04   8.65120793e-04
    8.67712709e-04   8.56971090e-04   9.25811929e-04   8.70353730e-04
    8.78121110e-04   8.05848101e-04   8.75175339e-04   8.42675230e-04
    9.04022865e-04   8.46470491e-04   9.33175120e-04   8.71278574e-04
    9.48312360e-04

V:

   1.66378984e-04   1.80275154e-04   1.78637887e-04   1.64040389e-04
    1.85907126e-04   2.05571920e-04   1.33916841e-04   7.39989649e-05
    1.87174427e-04   1.31104601e-04   7.68250806e-05   1.15957998e-04
    2.09345348e-05   1.93195301e-04   1.74443747e-04   8.33152862e-05
    2.08059229e-04   1.45406807e-04   2.41074291e-04   6.15905375e-05
    3.40331722e-04   4.37868736e-04   4.46806036e-04   4.60579580e-04
    3.18137244e-04   4.77785113e-04   2.97078427e-04   1.39011361e-04
    1.23765184e-04   2.21740886e-05   3.53309216e-06  -2.19683332e-05
   -1.80468393e-04  -1.43991856e-04   2.98378853e-04   5.02172095e-04
    5.27456493e-04   4.82788006e-04   4.86541128e-04   5.14470417e-04
    4.09188253e-04   3.49390911e-04   3.71694518e-04   2.73464241e-04
    2.71267935e-04   1.38447228e-04   7.30254320e-05   1.85556111e-04
    1.84194458e-04   1.46379701e-04   5.15456851e-04   5.17000201e-04
    7.15418295e-04   6.03130277e-04   3.95708630e-04   3.73648763e-04
    3.43063581e-04   3.54860310e-04   3.48618502e-04   4.02171874e-04
    4.45432171e-04   5.31274967e-04   5.16384755e-04   1.50428347e-04
    2.64775595e-04   2.86220906e-04   8.75502200e-05  -2.31802751e-05
   -7.18825392e-05  -9.30415913e-05  -7.38518606e-05  -1.30739957e-04
    4.45179259e-05   2.49635853e-04   4.95135625e-04   6.06612427e-04
    4.33832586e-04   4.21268624e-04   2.93363656e-04   4.68873094e-04
    4.41437620e-04   3.54071434e-04   2.44180656e-04   6.44977668e-06
   -5.21549833e-06   5.04356792e-05   6.56461949e-05  -4.26101289e-05
   -5.73000602e-05   7.68439766e-05  -1.02606360e-04   2.06303302e-04
    1.68161052e-04   3.95418323e-04   3.77243113e-04   3.46471020e-04
    2.68569553e-04  -3.42495133e-05   5.12148764e-04   4.31752748e-04
    3.27147636e-04   3.37097296e-04   3.14434126e-04   2.46363479e-04
    3.53157171e-04  -4.38487152e-05  -4.49987109e-05   9.74797078e-06
    5.32262175e-05   1.63939460e-04   2.86128518e-04   3.87795483e-05
    4.73477503e-04   3.24116950e-05   1.70658879e-04   1.30260450e-04
    4.04306396e-04
