Parallactic angle:

-67.96666355 -68.20827095 -68.28640343 -68.3630127  -68.44012457
 -68.51521996 -68.59080296 -68.66586464 -68.7404008  -68.81489171
 -69.2331211  -69.44899218 -69.51836736 -69.58669245 -69.65441269
 -69.72195684 -69.78887563 -69.85558885 -69.92080316 -69.98621613
 -70.34784976 -70.53018625 -70.58906209 -70.64679467 -70.70338683
 -70.75884195 -70.81458253 -70.86950013 -70.92323738 -70.97579652
 -71.26563217 -71.40537913 -71.44889206 -71.49221545 -71.53393887
 -71.57485911 -71.6146814  -71.65387171 -71.69141387 -71.72778669
 -71.91636347 -71.9967807  -72.02026222 -72.04246782 -72.06280249
 -72.08151273 -72.09855593 -72.11388775 -72.12746215 -72.13923117
 -72.16911068 -72.15530174 -72.14593586 -72.13405307 -72.11947444
 -72.10217992 -72.08180984 -72.05815758 -72.03169603 -72.00243325
 -71.75571362 -71.57676844 -71.50835806 -71.43468362 -71.35595307
 -71.27088361 -71.1813126  -71.08539542 -70.98404564 -70.87506971
 -70.05187429 -69.52877771 -69.33323173 -69.12647964 -68.905189
 -68.67108575 -68.42038793 -68.15817951 -67.87732471 -67.57988226
 -65.29361755 -63.83760373 -63.27795962 -62.68115059 -62.04419734
 -61.36382184 -60.61910808 -59.8301941  -58.98444579 -58.06615259
 -50.50489763 -45.35687171 -43.22317003 -40.90181738 -38.20988498
 -35.21122823 -31.8423258  -28.21328697 -24.29143045 -20.04433034
   7.51579231  20.436441    24.61952043  28.55392234  32.18962611
  35.52957835  38.50143705  41.11766537  43.42161381  45.53921005
  55.07576425  58.17704727  59.08765223  59.93562145  60.72608503
  61.4556724   62.1376496   62.76868173  63.36001112  63.9145792
  66.64275161  67.62081424  67.91596971  68.19467325  68.45788844
  68.70081923  68.93329472  69.15177683  69.35595288  69.55140566
  70.52818794  70.89389556  71.00303858  71.10446108  71.19923062
  71.28823586  71.37221228  71.44944736  71.52172615  71.59005032

I:

1.47026431e-02   1.49359324e-02   1.49844309e-02   1.51533027e-02
    1.50224282e-02   1.49481296e-02   1.46115476e-02   1.44826435e-02
    1.44116968e-02   1.42917596e-02   1.47894219e-02   1.44585457e-02
    1.46829133e-02   1.45656368e-02   1.47306983e-02   1.44479217e-02
    1.42780495e-02   1.40818281e-02   1.42219880e-02   1.43715812e-02
    1.43249583e-02   1.42020335e-02   1.43028394e-02   1.44875674e-02
    1.43922009e-02   1.45514501e-02   1.46112966e-02   1.40809717e-02
    1.44406112e-02   1.47784477e-02   1.50197322e-02   1.48642733e-02
    1.50455518e-02   1.49132264e-02   1.49352786e-02   1.49900410e-02
    1.49267899e-02   1.47664428e-02   1.47299901e-02   1.50024539e-02
    1.50030001e-02   1.50397178e-02   1.49023214e-02   1.48516362e-02
    1.50619658e-02   1.49882909e-02   1.47999693e-02   1.47750415e-02
    1.48364040e-02   1.49394995e-02   1.47466472e-02   1.47298911e-02
    1.49715213e-02   1.47048456e-02   1.48065040e-02   1.47118264e-02
    1.45370227e-02   1.47033005e-02   1.46848019e-02   1.43541755e-02
    1.44154250e-02   1.44298516e-02   1.43130276e-02   1.44872693e-02
    1.45140449e-02   1.45987358e-02   1.45351916e-02   1.44030688e-02
    1.46024530e-02   1.45883743e-02   1.43140366e-02   1.41704824e-02
    1.42218996e-02   1.41908606e-02   1.44349640e-02   1.44559523e-02
    1.44112422e-02   1.44019497e-02   1.44485546e-02   1.45418240e-02
    1.45702251e-02   1.42213439e-02   1.46458767e-02   1.46079856e-02
    1.44432631e-02   1.43624444e-02   1.44419908e-02   1.41177045e-02
    1.39109949e-02   1.42570264e-02   1.41577753e-02   1.40040446e-02
    1.43354704e-02   1.41102725e-02   1.41826826e-02   1.44393319e-02
    1.36956200e-02   1.41497833e-02   1.48407164e-02   1.52391751e-02
    1.40837848e-02   1.43965167e-02   1.44255392e-02   1.42845480e-02
    1.44714652e-02   1.28154958e-02   1.29005848e-02   1.45813308e-02
    1.42776012e-02   1.45152966e-02   1.42750064e-02   1.40839514e-02
    1.45058854e-02   1.36697087e-02   1.41023614e-02   1.39743582e-02
    1.45234423e-02   1.41469740e-02   1.42596366e-02   1.36341826e-02
    1.54357243e-02   1.20278674e-02   1.40153437e-02   1.64688700e-02
    1.69772173e-02   1.49783483e-02   1.24784567e-02   1.11394173e-02
    1.16310614e-02   1.29706448e-02   1.38843434e-02   1.38012866e-02
    1.42195987e-02   1.42883782e-02   1.42076636e-02   1.40190321e-02
    1.39791773e-02   1.38551210e-02   1.40751236e-02   1.42688628e-02

Q: 
   2.20725915e-04   2.80957937e-04   3.42345217e-04   3.54591242e-04
    3.38312351e-04   2.47546705e-04   3.12782950e-04   3.12620714e-04
    1.67126619e-04   1.97614208e-04   1.95821132e-04   2.71051879e-04
    2.84181748e-04   4.03469549e-04   3.45070086e-04   1.74534499e-04
    4.65277828e-04   2.09685673e-04   3.36557053e-04   2.63362485e-04
    2.04709560e-04   3.02808253e-04   3.00882846e-04   3.23353287e-04
    2.27326924e-04   3.14081268e-04   3.96481715e-04   3.73954428e-04
    2.62932726e-04   1.89189890e-04   3.92307664e-04   2.26642170e-04
    4.48874884e-04   1.45197571e-04   3.22102083e-04   1.73119579e-04
    3.11215008e-04   2.56122130e-04   1.20827883e-04   2.44026748e-04
    2.14941763e-04   2.60225537e-04   2.24246492e-04   2.82361086e-04
    4.84574968e-04   1.68637798e-04   5.49642500e-04   1.59664635e-05
    1.84280480e-04   1.87267404e-04   1.58898461e-04   3.32124000e-04
    2.04095589e-04   3.66280260e-04   2.47239799e-04   3.87839550e-04
    1.96504124e-04   4.58821471e-04   3.94926431e-04   3.65449338e-04
    2.03727304e-04   3.39139491e-04   1.65209123e-04   2.93667085e-04
    3.59503150e-04   1.61930376e-04   3.10328608e-04  -2.01728511e-05
    3.76038844e-04   2.40490642e-04   2.01770840e-04   5.06840286e-04
    5.04578120e-04   1.90315841e-04   2.58122064e-04   4.16922068e-04
    2.51976455e-04   2.99135433e-04   4.49418315e-04   3.96505377e-04
    3.66822248e-04   2.20766653e-04   5.26486863e-04   2.39613991e-04
    5.99493041e-04   1.83344021e-04   5.21261455e-04   2.11976448e-04
    4.48644182e-04   1.64724659e-04   6.39743902e-04   1.52341355e-04
    5.32921321e-05   1.60224189e-04   2.79196049e-05   8.99560452e-05
    3.71116136e-04   6.40335593e-05   1.24591842e-04   2.46751350e-04
   -2.86003812e-04  -3.71937685e-04  -1.29419459e-04  -1.34186307e-04
   -3.00500107e-04  -1.14699619e-04  -4.34229034e-04  -1.59555599e-04
   -3.70051333e-05  -1.09003764e-04   6.35402969e-05   5.17575734e-05
    5.78838368e-05   2.05433830e-05   2.14342412e-05   1.37126176e-04
   -4.97932000e-05   1.00095571e-04  -1.18450281e-04   1.31576865e-04
   -1.50379401e-04  -1.99030173e-04  -4.09719971e-04  -1.36330982e-04
    1.86821788e-04   6.11923601e-04   5.57063077e-04   5.54436702e-04
    1.85452083e-04   1.36820803e-04   1.83443492e-04   5.73614782e-05
    8.14538697e-05   3.92586566e-05   7.11873768e-06   3.07499653e-05
    7.65998053e-05   9.01679384e-05   1.12164981e-04   1.55763653e-04

U: 
   3.71738423e-05  -4.52073863e-06  -8.83288536e-06   4.79683691e-05
    9.79406651e-06  -2.64450436e-05  -1.69996408e-05   5.87272360e-05
    2.85308221e-05   2.21602211e-05   4.34981730e-05   1.95295262e-05
    8.27671036e-06  -4.82588413e-05   3.14484620e-05  -2.07156476e-05
    2.21210675e-05  -2.76534713e-05   8.21846611e-06   2.86856548e-05
   -7.17544825e-05  -1.74054647e-06  -3.10026080e-05   4.97904323e-05
    3.16825781e-05   3.33241678e-05   1.72426695e-05  -1.83395178e-05
   -1.69088645e-05   3.14610285e-05   3.68222890e-05  -7.02810030e-05
    8.45172935e-05   2.13671070e-05   2.38635742e-05  -3.31698167e-05
   -1.10513358e-05  -3.78944899e-05   1.03747436e-05   1.27872701e-05
   -8.13273944e-06   3.34206222e-05  -6.20649642e-05   4.18772691e-05
    1.87582275e-05   2.30661912e-05   6.94952540e-06  -2.21263064e-05
   -1.65446940e-05  -4.59498820e-05  -4.41583207e-05   3.73870617e-05
   -2.43422643e-05  -1.91450811e-05   1.02563875e-05   1.28176481e-05
    4.53756313e-07   4.84723556e-05   5.95239300e-06   2.76226875e-05
   -3.30774776e-05   4.16730358e-05   2.77980201e-05   2.47214189e-05
   -2.24601882e-05  -5.56918902e-05  -5.31739766e-05   9.73071278e-05
   -9.73912071e-06   2.36580411e-05   1.36224852e-05   3.62289495e-05
    5.16470580e-05  -2.11034913e-06   2.32347499e-05   4.70362560e-05
    3.78813996e-05   3.98911230e-05   6.56727940e-05   5.69234857e-05
    4.29740514e-05   7.72260149e-05   9.34297403e-05   6.05747118e-05
    4.87499199e-05   1.14163352e-04   4.89706127e-05   1.58739929e-04
    3.78349630e-05   4.73947119e-05   2.28832802e-04   2.08176139e-04
    2.27031917e-04   1.79789534e-04   1.74162555e-04   1.72976885e-04
    3.10309253e-04   1.98574743e-04   1.49537593e-04   2.18551172e-04
    7.60501526e-05  -2.09487652e-05  -1.59147858e-05  -7.87308426e-05
   -1.41533346e-04  -1.00040007e-04  -1.23806365e-04  -1.61790621e-04
   -1.91799070e-04  -1.89309620e-04  -2.26450338e-04  -2.43567773e-04
   -2.33687107e-04  -2.26009746e-04  -2.82803927e-04  -2.38256825e-04
   -2.80594580e-04  -2.30932808e-04  -2.44998788e-04  -2.51355454e-04
   -3.21652792e-04  -5.07637440e-04  -4.99237293e-04  -3.89936229e-04
   -1.25368039e-04  -5.35942691e-05  -2.80720684e-05  -1.78568974e-04
   -2.45494894e-04  -2.93724690e-04  -2.40192118e-04  -3.06484731e-04
   -2.82674242e-04  -2.82348634e-04  -2.73628319e-04  -2.56960036e-04
   -2.32466152e-04  -2.67683043e-04  -2.58072174e-04  -2.28044544e-04

V:

   1.70014726e-04   1.84763957e-04   1.50763954e-04   1.71841958e-04
    1.55313082e-04   2.49181915e-04   1.86163482e-04   1.86208051e-04
    2.53090366e-04   1.93088918e-04   1.33497666e-04   2.59823656e-04
    2.77241472e-04   1.44724028e-04   1.54490395e-04   2.01656974e-04
    1.66341886e-05   1.74521146e-04   7.67683835e-05   3.01894808e-05
    8.88183989e-05   1.03702826e-04   1.25784397e-04   8.51177925e-06
    7.06783752e-05  -3.44568394e-05  -1.95036132e-05  -1.62526138e-04
    6.24746026e-05   1.23676454e-04   8.70954912e-05   1.85453239e-04
    2.85808487e-05   7.15725038e-05   1.02221096e-04   1.86702090e-04
    1.81415558e-04   2.18621477e-04   1.47598256e-04   1.76390142e-04
    2.23046265e-04   3.55262232e-04   3.08842356e-04   2.73028888e-04
    2.89679106e-04   3.31351555e-04   3.09888722e-04   3.30196138e-04
    1.98214501e-04   2.51547622e-04   2.34349512e-04   2.90856895e-04
    3.65546887e-04   2.35200871e-04   2.83138290e-04   2.44567651e-04
    1.99889994e-04   2.05769323e-04   2.75275694e-04   1.68771262e-04
    9.12414866e-05   6.65379792e-05   4.66426969e-05   1.71671117e-04
    2.66240761e-04   3.38528842e-04   3.16642695e-04   3.31448818e-04
    3.64033895e-04   3.80134951e-04   1.38777336e-04   6.16043664e-08
    1.30191426e-05   8.59113954e-05   5.07460302e-05   9.95177189e-06
    9.55175776e-05   1.47860463e-04   1.79314281e-04   1.34268558e-04
    7.61786795e-05   4.14668692e-05   7.29610964e-05   1.55519280e-04
    1.89973752e-04   1.57143981e-04   2.28093235e-06   4.58274285e-05
   -1.27969046e-04  -8.97207269e-05   2.60719725e-04   1.22160623e-04
    5.06506049e-05  -1.54872427e-05   1.78515096e-04   2.81058300e-04
   -7.24730771e-05   1.16550193e-04   3.47647413e-04   4.38093503e-04
    2.82855038e-04   2.21637234e-04   1.79733563e-04   2.42929461e-04
    3.17607802e-04   2.87343440e-04   3.08094283e-04   3.88714618e-04
    2.65247004e-04   4.03322306e-04   3.04448489e-04   2.23928334e-04
    3.59036910e-04   3.41964568e-04   3.48219194e-04   2.63202457e-04
    2.99887725e-04   2.82781426e-04   3.45610816e-04   2.06795455e-04
    4.35127711e-04  -1.32423577e-04   1.67331247e-04   2.25423853e-04
    2.84762879e-04   4.21422479e-05   9.57239670e-05   4.61229654e-05
    1.15208985e-04   5.17046779e-06  -5.80348168e-05  -9.03658836e-05
   -5.90276937e-05  -7.30852128e-05  -9.19994304e-05  -1.71231680e-04
   -5.39896556e-05  -1.31617661e-04   1.02447247e-04   8.06090029e-05
