44.6813600624 0.0205544486915 -1.6752002881e-05 0.000354366414017 0.00327760470902
43.8096007443 0.0187585755933 -8.96242416262e-05 0.000306274624447 0.00184024479273
42.9385553785 0.0186335907028 -1.0756176941e-05 0.000431574291 0.00172706203337
42.0682008388 0.0186338904275 -2.36688972589e-05 0.000375844741512 0.00215720065385
41.1966396542 0.0190254628018 -7.20759292048e-05 0.000358540007857 0.00240950140492
40.3313426493 0.018981789278 -0.000224251752446 0.00024181593986 0.00212618747997
39.4629213892 0.0187999799743 -2.93787927101e-05 0.000411008603716 0.00212667440527
37.2589670075 0.0181641645033 -3.42957575547e-05 0.000368037192595 0.000904555048099
36.3907160637 0.0184914468534 3.55387954387e-07 0.000285723452593 0.00134321399497
35.5267278657 0.019543489658 -0.000164779650086 0.000216215945119 0.00226485092237
34.6613649002 0.0194919629575 -0.000180675682827 0.000318601161375 0.00257191451547
33.7965120478 0.0187631593695 -3.29530734422e-05 0.000506758030445 0.00180729328842
32.9302696686 0.0188427033947 1.86847197326e-05 0.000251053381182 0.00228400026084
32.0663453151 0.0170712565087 -0.000114529032384 0.000337114747712 0.000793419650112
29.8898194857 0.0150789563362 -0.000117868195826 0.000284478709891 -0.00229970638063
29.0292191265 0.0142152304626 -0.000119352459497 0.000372124692737 -0.00341334309442
28.167138555 0.0142964659314 -9.89877067514e-05 0.000357808045848 -0.0032893163648
27.3054207278 0.0138126030441 -0.000164558286043 0.000246067456105 -0.00373886278556
26.4440512017 0.0127771790627 -0.000111612568995 0.000337767588704 -0.00467539291924
25.5830153392 0.0130647946066 -0.000165046513817 0.000233447583001 -0.00459827730531
24.7204430064 0.0141865193888 -6.98249085148e-05 0.000281268839873 -0.00344569063904
22.5421545448 0.0138802681253 -0.000175203044514 0.000176363855988 -0.00359996804877
21.6824327795 0.0130521110525 -0.000222894959181 0.000245392063759 -0.00446701166256
20.8211343782 0.0155649258458 -0.000160854730949 0.000124517576606 -0.00139001021809
19.9637838297 0.0174636009287 -0.000160827043979 0.00031453137803 0.000800736700431
19.102962244 0.0202249185097 -0.000209204765338 0.000166503159875 0.00409407986916
18.2460625669 0.01848607356 -0.000219506606232 0.000170298122558 0.00207287964414
17.3856698746 0.0166359746107 -0.000228467203865 0.000141816144521 -8.17142158144e-05
15.2216560887 0.0163598452806 -0.000206056015227 7.53543580163e-05 -0.000730492318713
14.3637547614 0.0169365615896 -0.000170992128875 0.00013564747287 -7.59641198705e-05
13.5060112157 0.0178153704696 -0.000257151849583 8.419777893e-05 0.000859784284411
12.6502629157 0.0170076670378 -0.000274554838066 0.000152861332524 5.8594428783e-05
11.7909547427 0.0155580488564 -0.000180324869507 6.45852814333e-05 -0.00156362700616
10.9354686606 0.016694044963 -0.000196096635176 0.000233726624824 -0.000172770807723
10.0800991024 0.0187923893981 -0.000264417852623 9.22506164735e-05 0.00207261571435
7.91532231482 0.0244580871208 -0.000321844675844 5.31485593448e-05 0.00858749714103
7.05474623344 0.0237938999162 -0.000272899665688 -2.18646397439e-06 0.0077687099304
6.19978356972 0.0366593831231 -0.000255248614792 6.31122064134e-07 0.022606990473
5.34488540809 0.0450996933998 -0.000278842465947 2.00973434967e-05 0.0320532800558
4.48819603223 0.0517449878887 -0.000285359133593 6.16427248219e-05 0.039703520184
3.63524538154 0.059648056671 -0.000266489238172 -1.91046461864e-06 0.0487686607352
2.77679314804 0.0606318135566 -0.000239386240777 2.35525065545e-05 0.0500467023169
0.609540162423 0.233629919363 -0.000265980266812 -3.75245102999e-06 0.249184384977
-0.24515782009 -0.777252573601 -0.00019637538318 -0.000150126987312 -0.913151267387
-1.10170494522 -0.0310671359568 -0.000190573699926 -4.47112799952e-05 -0.0550831438602
-1.95457123039 -0.0139179721697 -0.000280758054492 -1.85342447868e-05 -0.0348791196873
-2.81116480569 -0.0211999997424 -0.000373292117567 -8.02199168238e-05 -0.0432308963897
-3.66592578974 -0.0145012270825 -0.000311848279842 -0.000165336478098 -0.0356867199316
-4.52257046157 -0.00560846120251 -0.000245886089562 -4.77847066003e-05 -0.0250469057205
-6.69210551065 -0.0149879618823 -0.000243005663421 -0.000195437344472 -0.0358979627041
-7.54526212388 -0.0169201954109 -0.000232684191902 -0.000160171672252 -0.0382786928723
-8.40219080717 -0.0101119320814 -0.000228638822164 -0.000149996225511 -0.0300409783166
-9.25736067058 -0.00407511418152 -0.000222201939859 3.32489511086e-05 -0.0234400878245
-10.112627879 -0.00110081007296 -0.000316925591459 -6.91272403767e-05 -0.0200663836621
-10.9680019041 -0.000207886249208 -0.000256995264533 -5.95327519223e-08 -0.0188077692867
-11.8271877806 0.00064199940181 -0.0002030051799 7.17644785073e-05 -0.017977614493
-13.9969924778 0.0155964833211 -0.000305204283994 -0.000178702746557 -0.00135621365212
-14.8548251672 0.0161151392434 -0.000295040446056 -0.00014341033327 -0.000916660105243
-15.7109717872 0.0179177281003 -0.000268674202182 -0.000132232159252 0.00069865743034
-16.57100985 0.0190834723974 -0.000255379979764 -9.70299734593e-05 0.00200809992286
-17.4275157868 0.018246871106 -0.000269545115417 -6.19606140575e-05 0.000927540432665
-18.2879187642 0.0192863196828 -0.000233700159044 -0.000298570420111 0.00212655923767
-19.1448291984 0.0187730181511 -0.000263978679601 -0.000157275156156 0.00159381706354
-21.3168006006 0.0177993842204 -0.000170436471446 -0.000251491542066 0.000785302874944
-22.1763929479 0.0177515813918 -0.000289002954534 -8.54157127125e-05 0.000723109079194
-23.0343965801 0.0173362191819 -0.000255547015536 -0.000152799311479 0.000290904980633
-23.89453039 0.0174823100494 -0.000207067375552 -0.000143674447349 0.000365855896711
-24.7549546436 0.0173608832304 -0.000247167496683 -0.000240579007976 0.000322598741122
-25.6175394685 0.0170180758673 -0.000242666436801 -0.000159459575351 8.34386914679e-05
-26.4785890258 0.0172414612041 -0.000193413957012 -0.000212421841932 0.000222727369262
-28.6531430966 0.0170918474422 -0.000283781473257 -0.000135209694328 4.19765168535e-05
-29.5154537336 0.0171264579974 -0.000280698039035 -7.52275009296e-05 0.000107188389275
-30.3799937374 0.016908565625 -0.00033943361102 -0.000228928722148 -0.000261063863772
-31.2412189337 0.0166241924407 -0.000151138104241 -0.000342028456389 -0.000301510665258
-32.1065862222 0.0167894579935 -0.000182392512166 -0.000355981063453 -0.000166245369196
-32.9686689642 0.0169418869588 -0.000350389512375 -0.000300440061306 -0.000273407766231
-33.8349316158 0.016941308136 -5.19935951789e-05 -0.000176824943789 1.01921424361e-05
-36.0297708933 0.0173613209794 -0.000237552508683 -0.00017206906696 0.000463138576816
-36.8959308277 0.0171857332505 -9.76060767359e-05 -0.000100887209488 0.000324904519896
-37.7626311125 0.0172765698197 -0.000262275630603 -0.000200740255351 0.000373427806284
-38.6280232155 0.0170342825082 -0.00014110189821 -0.000272556769771 0.000425074355948
-39.4958652934 0.0170305976774 -0.00018265266316 -0.000168452777934 0.00043921619679
-40.3643097713 0.0167127612603 -0.000100198244584 -0.000310448475446 -4.51540062386e-05
-41.2315038112 0.0168623572212 -0.00029481113103 -0.000182874047344 0.000119617007801
-43.4352235781 0.0165289119702 -0.000148919478643 -0.000125747322367 -0.00024985282975
-44.3029152414 0.0166293291156 7.10489085783e-05 -0.000220486198576 -0.000317405209343
-45.1713274753 0.0166471316157 0.000137565489969 -0.000341570633572 -0.000297273855985
-46.0423665778 0.0164787652857 1.24473349777e-06 -0.000180903567778 -0.000294509602672
-46.9160620681 0.0166606469231 -6.68376322857e-05 -0.000287524261345 -0.000263815123414
-47.7924447215 0.0165273537268 -1.61381152299e-05 -0.000207915559136 -0.000265435144998
-48.6639955291 0.0166598694949 1.21296897839e-05 -0.0002722944008 -0.000164015531982
-50.9052879561 0.0166790499583 -0.000132637119192 -0.000201631301739 1.95969201504e-05
-51.7818720066 0.0167438745809 -6.01218803512e-05 -0.00018198466199 2.93210132558e-05
-52.663194827 0.0167714006801 4.28028753404e-05 -0.000210815182388 -0.000138663121979
-53.5417040224 0.0166914508516 -6.6036536098e-06 -0.000204619529519 0.000164179252474
-54.4231178625 0.0167846967194 -2.39275285374e-05 -9.96669077356e-05 0.000285565849008
-55.3055702041 0.0165515722783 0.000126368148919 -0.000252121516916 7.24101795774e-05
-56.1909956203 0.0168127246372 -0.000184756850376 -0.000164570798921 8.56183202313e-05
-58.433367793 0.0168253790151 2.39727531859e-05 -0.000274369919868 2.50054961889e-05
-59.3209124482 0.0168641677225 2.00196232138e-05 -0.000153953299544 6.82205693552e-05
-60.2096684247 0.01663085271 5.48492374284e-05 -0.000141328062717 -0.000108312930886
-61.0996681191 0.016816389531 0.000173995992596 -0.000223811947079 -3.19632080012e-05
-61.9909461894 0.0169779329649 -3.20669098436e-05 -0.000211592881847 8.52714488061e-05
-62.8835360184 0.0170260798727 0.0001593074468 -0.000199597829554 6.04861425151e-05
-63.7774720605 0.0170603219097 0.000340412608787 -0.000214291918968 7.38960638131e-05
-66.062955329 0.0169206523805 0.000135043560267 -0.000167772201124 0.000129133195204
-66.9619551691 0.0170253664955 0.000101122715406 -0.000136900297889 0.000109205807916
-67.8605213682 0.017165904209 6.49541591702e-05 -7.17492510101e-05 4.264336372e-05
-68.7625721855 0.0170002413759 2.87180643416e-05 -8.95561765933e-05 5.67022184699e-05
-69.6662064949 0.0171665196219 6.13697620853e-05 -0.000163215686317 0.000186112831313
-70.5714806482 0.0170527161743 0.000108528866867 -8.66375253375e-05 8.49341759639e-05
-71.4783952691 0.0171888413573 0.000158312597739 -6.41057962056e-05 0.000138914736252
-73.8003759913 0.0170979854026 7.9789410812e-05 -0.000117428883941 0.000206282651548
-74.713498506 0.0170224772132 0.000147547570071 -6.84139349801e-05 0.000192115200124
-75.6284586511 0.0170907545442 0.000108483440065 -7.64255090078e-05 0.000204256587709
-76.5452972112 0.0173226760236 0.000234610403651 -0.000113713914265 0.000196539390331
-77.4600898987 0.0172142265969 0.000150618898092 -0.000111119161993 0.000102495341692
-78.3788110939 0.0173219991325 0.000209375522801 -6.68776474764e-05 0.0001379137884
-79.2955424896 0.0173872211989 0.000194106040818 -9.76385634795e-05 0.000235924965917
-81.6713539357 0.0172686008906 0.00027842964059 -3.20230739014e-05 0.000173671022758
-82.6015099522 0.0173699997408 0.000181505148696 -3.78921548345e-05 0.000119367416816
-83.5298317955 0.0168473795457 0.000134332419902 -7.58675522815e-06 -7.57466948617e-05
-84.4684515145 0.0171232775955 0.000299516075678 -1.82849543207e-05 -7.74211310561e-05
-85.4053015985 0.0171520208572 0.000319841694232 -1.34717494028e-05 -1.04771537946e-05
-87.2941179386 0.0169133852279 0.000242879880478 1.76140628632e-05 -2.94603493909e-05
-90.6763679502 0.016507214468 0.000108067718771 2.63544418728e-05 7.16192066543e-06
-91.6312813468 0.0156354956388 0.00025428224091 1.28686467371e-05 8.17615497098e-06
-92.6073560523 0.0159471725356 0.000211428227533 4.08908514464e-05 2.77988511354e-05
-93.5592967158 0.0162402162974 0.000182443889072 8.86363008801e-05 6.46795257797e-05
-95.5231258041 0.0166271009067 0.000222315484821 9.68903236573e-05 3.98474086136e-05
-99.0375745375 0.0172821960718 0.000233390768771 8.45847021554e-05 2.78321887763e-05
-100.012189358 0.0171564597877 0.000261254576576 0.000108152406039 5.42876991216e-05
-101.970185995 0.0171581870571 0.000153967328516 0.000148413042273 4.90597521247e-05
-102.955789172 0.0172006459863 0.000225844113238 6.81116304919e-05 1.7710001956e-05
-103.952974511 0.0174084401221 0.000218082949527 9.06910237016e-05 7.00187054792e-05
-107.515508468 0.0171016820333 0.00016413303657 0.000158104298105 -4.65044946131e-05
-108.522887217 0.0169039560416 0.000195100716242 0.000171753482239 -6.382176133e-05
-109.548726524 0.0171451628068 0.000210411869156 0.000142440286814 3.03292768128e-06
-110.564873865 0.0174455590771 0.000213625478465 0.000221946847056 -1.6204316144e-05
-111.573414695 0.0173086790353 0.000199986855663 0.000188786044711 -0.00011068543927
-115.233292459 0.0170368237401 8.39896706046e-05 0.000210990088477 0.00022221161901
-116.261562904 0.0177795405405 0.000158150671117 0.00022887336427 0.000170618651536
-117.288788408 0.017582824905 0.000186964527633 0.000241197625655 0.00016523289084
-121.49724072 0.0174852189186 0.000214240389597 0.0002595780753 0.000210229916429
-124.185644763 0.0176908265843 0.000129190007667 0.000265140351892 -3.09986313576e-05
-126.339463697 0.0176262597378 0.000143481792167 0.000259295480059 5.79594295327e-05
-127.45970782 0.0177922662556 0.000101074541289 0.000278998874559 -6.36859952997e-07
-129.639962674 0.0175935523227 2.4582782451e-05 0.000255808372716 -3.27963363394e-05
-130.718058404 0.0177374482104 2.84541350867e-05 0.000283343400665 7.5727448216e-05
-133.499820123 0.0175889078906 0.000130983979452 0.000258831068562 7.737356078e-05
-134.592519731 0.0174305520398 0.000158862946669 0.000286408157686 0.000107972511386
-135.688621011 0.0179288678194 -9.97891187573e-06 0.000292030213534 0.000113498628315
-136.785734467 0.0177377987375 -1.73992843318e-05 0.000294574202925 -2.32523218081e-05
-138.987540631 0.0179937442242 0.000127945373778 0.000248826369028 0.000113822861721
-142.94443725 0.0175254556132 -6.58668501984e-06 0.000266081687846 0.000119235488443
-147.629721725 0.0169220648238 -3.73657122258e-05 0.000281591921363 5.1586751504e-05
-148.762763139 0.017310077378 -0.000101052029918 0.000292087816346 7.05327857513e-05
-152.880060924 0.0178497345557 -2.30458162643e-05 0.000244679891855 0.00012847183254
-154.025415199 0.0180616070475 -9.08461332134e-05 0.000200822071898 0.000101020852565
-155.178155617 0.0184288510929 -9.27684277258e-05 0.000238022419923 0.000137255978896
-156.328344347 0.0184685476724 -9.80645170357e-05 0.000221706615408 6.70970667062e-05
-157.48081321 0.0183846502564 -9.99520886305e-05 0.000234633444961 9.16974117333e-05
-158.637950904 0.0180596693956 -0.000176769269555 0.000258349749942 6.09371523813e-05
-159.797192948 0.0178265813075 -0.000251100556461 0.000227681164418 0.000112691428318
-162.774948209 0.0176392752834 -0.000144751549146 0.000212159861899 0.00010860323848
-163.938368457 0.0184689187044 -0.000265943588199 0.000186496677268 0.000107897890434
-165.103416569 0.0183262778724 -0.000140315393945 0.000162745864095 0.000103548623354
-166.272514468 0.0180959523749 -0.000217157402946 0.000167197688949 8.49238606475e-05
-167.443002352 0.0173123265268 -0.000242454705917 0.000209597600741 9.66447866688e-05
165.109255992 0.017880489851 -0.000330637129402 -5.61406820001e-05 0.000113155157911
163.936704081 0.0179218601223 -0.000285866593906 -9.475197904e-05 0.000146828628463
162.768297655 0.0180638592959 -0.000222354318524 -7.89272607921e-05 5.59314436397e-05
160.379645531 0.0177886353119 -0.000188088425129 -7.70179615111e-05 -2.06725719545e-05
159.21938521 0.0181024059575 -9.75158597126e-05 -8.28428735204e-05 3.12640542274e-05
153.062568978 0.0180741597385 -0.000210872843015 -0.000129950921571 -7.91104542876e-06
151.914440095 0.0179577772109 -0.000186655758867 -0.000143940129336 8.94282937897e-06
150.773826551 0.0176362269252 -0.000195200091846 -8.82614809948e-05 -2.740830957e-05
149.628575469 0.0175996979688 -5.05605485271e-05 -0.000108288702328 -8.88613591644e-05
148.48124725 0.0176479242429 -0.000169898152766 -0.000160400824338 -1.01112849782e-05
147.339229099 0.0171739619112 -0.000175778668979 -0.000115932461834 -4.29159676857e-05
144.277869039 0.0178631364179 -0.000117266339477 -0.000163350788034 1.30087131269e-05
141.870800453 0.0180282296596 -6.53293438701e-05 -0.000188644465923 4.75297328392e-05
140.689430559 0.018086637515 -9.29555841402e-05 -0.000198329123937 3.39855009892e-05
138.456231675 0.0180617575237 -4.37524742414e-05 -0.000162441545658 -1.90080563183e-05
137.35171351 0.017781778608 -8.75841787327e-05 -0.000202361561405 -3.3851385577e-05
134.546311104 0.0179300492304 -0.00012113309409 -0.000204566761354 2.07852664965e-05
133.453756007 0.0179576170256 -5.87359924598e-05 -0.000227292102465 -1.97009236289e-05
132.359962032 0.0178744097251 -4.14455724604e-05 -0.000177262167036 -0.000145072894115
131.271971888 0.017913884193 -2.64453706485e-05 -0.000216378592936 -5.47130549926e-05
130.192100791 0.0180799106524 -1.08254931899e-05 -0.000163539796472 -3.91915506751e-06
129.113386077 0.0180118603322 -4.36539929655e-05 -0.000186918352394 -7.86018367146e-06
128.038165198 0.0179017490353 1.6688383065e-06 -0.000188715697478 5.55627209162e-06
124.143154215 0.017422158735 -2.65947925158e-05 -0.00021395772067 -2.0577883647e-05
123.066113755 0.0176713084351 -3.80710863782e-05 -0.000116036062371 4.88821826132e-05
121.974621605 0.0179784260419 6.60636410874e-05 -0.000191989578341 5.29392480077e-05
120.909410412 0.017976808001 6.41852469012e-06 -0.000180673417718 -1.94214701911e-05
119.865752257 0.0178338620482 5.90484549964e-05 -0.000181760291603 -3.66433931402e-05
118.825529758 0.0175253364884 9.49703642941e-06 -0.000169707536118 -7.99965099343e-05
116.184596467 0.0170522788666 -1.05089043136e-06 -0.000180190615749 -1.24016294633e-05
115.152156476 0.017604056425 -1.02080922468e-05 -0.000147866534262 6.99991106413e-05
114.123134394 0.017311043512 1.20758714993e-05 -0.000104065143037 -4.77952753301e-06
113.097510099 0.0172850071187 0.000100602273388 -0.000106376826886 -4.66353014032e-05
112.073071016 0.0175345179885 7.42801693523e-05 -0.000149996985039 -9.72682703773e-05
111.058545494 0.0176102533569 0.000118470527947 -0.000125802417543 -0.000109352306342
110.042965133 0.017377594111 9.02043811311e-05 -0.000143276593286 -1.2301549277e-05
107.477377987 0.0172471880042 0.000178079478996 -9.35489004157e-05 6.15283685751e-06
106.477647986 0.0173866687008 8.62100120036e-05 -8.10442768148e-05 6.16795746725e-05
105.481083121 0.0176151918044 7.27935768929e-05 -5.78778267261e-05 -4.0592446431e-05
104.461999662 0.0175128606556 7.85607888968e-05 -0.000103690848939 1.83392742732e-05
103.469593825 0.017512952953 0.000172888914166 -0.0001374183217 -4.86753852315e-05
102.480286366 0.0175957627624 0.000112784668446 -6.58229421242e-05 8.67503177918e-06
101.494020904 0.0175033702657 0.000105865980159 -6.19475633342e-05 0.0001123299106
98.9941361896 0.0175465561864 0.000204823673007 -4.2681593883e-05 5.03362829165e-05
98.0204613323 0.0175153251822 0.000183509535456 -4.50972338395e-05 -1.40428109514e-05
97.0496450503 0.0176741721654 0.000113132838213 -5.31016744711e-05 3.49346340856e-05
96.0816479445 0.017490740915 0.000117353044564 -4.39985577439e-05 8.81320077214e-05
95.1143536598 0.017676172918 0.000171726140164 -1.90204790485e-05 0.000134157466312
94.1498111854 0.017382047514 0.000219001954579 5.83109314879e-06 6.14746076661e-05
93.1900451297 0.0173939236625 0.000177152403553 -2.17782471015e-05 0.000143492430391
90.7488340973 0.016921382022 0.00024154924609 1.00615170118e-05 0.000142072339996
89.7962881533 0.0173381088361 0.000219621746439 2.28028367012e-05 7.6897906682e-05
88.8483041802 0.0171735640766 0.000211435158542 -7.94527758006e-06 5.36956114803e-05
87.9027690461 0.017199800879 0.000188400861654 4.81680220331e-05 2.78427915073e-05
86.9596814928 0.016733818 0.000115480997314 2.83140664165e-05 -9.39899349594e-05
86.0210043173 0.0170953521071 5.5831693694e-05 4.70150625598e-05 0.000167621732656
85.0826403416 0.0171008212404 0.000153143526242 8.34886769902e-05 6.40100323448e-05
82.6904927374 0.0170304973713 0.00032851583664 0.000123590708525 -1.02395197789e-05
81.7621322506 0.0170564775215 0.000213551697015 8.76152480558e-05 -0.000100504685215
80.8399106581 0.0160481878638 0.000121837613335 0.000117152948945 -5.73403642714e-05
78.995707709 0.0163387881789 0.000261185069345 0.000136195321871 0.000128608853766
78.0756564109 0.0165167798534 0.000236002227339 6.79993887181e-05 0.000111323268148
77.1536211748 0.0169201010683 0.000213343931672 0.000179303352907 -8.00004752287e-05
74.8165983325 0.0166457581228 0.000316203234724 0.000172783822972 -3.57231860776e-05
73.9012842141 0.0168477164033 0.000282413291217 0.000234747276963 -8.4661362381e-05
72.9917257446 0.0167996347537 0.0002378113796 0.000201221013722 5.6739000235e-06
72.081963557 0.0166399609478 0.00016050022915 0.000181275980559 0.000104254300856
71.1778355493 0.0165162815319 0.000163854276907 0.000173033496491 5.01839375538e-05
70.2714751003 0.0165851860504 0.000223838011665 0.000186672139348 -0.000146757605059
69.3648131203 0.0166447746684 0.000215965340922 0.000195671808942 -5.6550698876e-05
67.0653806824 0.0164459749019 0.00014162116175 0.000216206161202 3.44578816429e-05
66.1662100213 0.0162297788253 0.000227853109649 0.000228864333271 -4.23340414468e-05
65.2723816294 0.0161276666361 0.000221978567692 0.000224310535817 -8.61896137178e-05
64.3761207568 0.0163667561737 0.000219982318675 0.000258758986668 -1.76693335409e-05
63.4812652463 0.0160307852573 0.000149720437833 0.000283242338619 -0.000156624563703
62.5897034376 0.0164612429385 0.000193156828683 0.000224621890515 -4.45091820354e-05
61.6975493109 0.0165861630225 0.000179866000128 0.000285129164566 -0.000112963109125
59.4440425116 0.0164194144395 0.000180698291258 0.000305886610442 -0.00020031772049
58.5276547152 0.0165371235369 0.000162273623765 0.00028126277194 -0.000162150925602
57.6392557719 0.0165760320096 0.000167956699657 0.000311710941137 -0.000225806709653
56.7539189322 0.0164788991379 0.000125122212952 0.000257366292585 -9.2903040313e-05
51.6252902256 0.0170211840294 -4.51892399494e-05 0.000217035411223 0.000272748283972
48.011823884 0.0172212746832 -4.64054725061e-05 0.000268755507355 0.000623977587501
46.1973191411 0.0174664478298 -5.85850243336e-05 0.000322426146168 0.000828444571027
43.9879145266 0.0164510519286 -2.56676266996e-05 0.000414355753735 0.000203973184681
43.1167251192 0.0163400777332 -4.38011450041e-05 0.000369559621126 0.000338324230201
42.2499814292 0.0159625893992 -0.000148966868066 0.000231721613737 3.62066529943e-06
41.3801564705 0.0157027307662 1.00127450969e-06 0.000336917101212 -0.000198225978351
40.5128534923 0.0155526819936 -6.39632344541e-05 0.000321873764739 -0.000222627713807
39.6443043442 0.0150746075076 2.58572421819e-05 0.000318380702006 -0.000417119887742
38.7763609435 0.0153155232219 -3.54355134609e-05 0.000297035026253 -0.00029666815922
36.5791466789 0.0162445255972 -7.42129689757e-05 0.000308814472953 -0.000481828413397
35.7131800158 0.0160606768944 -0.000149563691786 0.000355832245136 -0.000614039674517
34.8477276614 0.0158595957056 2.6028369446e-05 0.000375497876457 -0.000703891560898
33.9827703803 0.015503566735 -3.79456188363e-05 0.000222226617479 -0.00112041161829
